3422
4027
2355
3510
4190
4281
2581
1684
2674
747
4061
640
1866
3189
4966
2979
4606
4830
3672
781
1203
2555
2714
3318
2135
2394
450
3426
3487
4549
4301
4769
146
772
4783
4678
4286
2344
3499
4071
3710
4355
778
3971
294
4726
646
2331
3240
4480
1160
897
2608
876
2610
4069
1529
125
404
2791
3480
2693
1429
2703
3791
2122
4726
2563
3704
1841
3998
4627
4562
4567
3979
2468
2421
2629
2932
2349
1614
737
1359
2018
2341
1724
827
2780
385
4885
3508
1613
4302
157
2311
4871
499
3800
2797
2566
3687
534
3294
4625
919
2617
1559
3000
2330
4588
3805
2475
4980
3780
163
1475
4685
2278
44
3127
3490
3424
4064
3856
3118
1558
994
3560
4092
978
4999
2261
4632
4966
2440
853
861
4444
1964
4303
2377
2123
4562
2468
1022
4986
1671
4096
759
4910
3873
1756
2599
3666
4618
1102
4093
24
293
4652
986
2241
157
4415
1032
4349
1805
2044
4020
2213
1620
689
4823
3670
2528
1901
1268
841
3620
4831
142
929
136
124
1338
3063
4218
1992
3041
2341
1659
2531
4429
269
3173
2050
1808
3971
1969
4295
4623
154
1367
1362
3213
704
3674
3564
160
1521
3451
4367
825
4124
3169
3455
2564
1116
1321
4727
4151
3454
1505
426
2286
4592
2018
4392
3258
3785
484
4163
2285
2012
675
1082
1789
2332
1967
2471
3505
3341
910
1227
3899
4944
3563
4812
1686
555
3089
2991
4221
1627
874
4741
251
3792
3550
1840
3113
2389
883
4634
518
2268
3790
1504
4184
3759
4410
1818
2815
804
1654
4701
4828
2751
2292
294
4088
76
3641
2556
2808
2463
3205
3471
300
2496
4671
2388
3840
4431
4184
2312
3928
149
2591
5000
1846
4273
4262
1305
102
4492
2533
1770
2727
4531
4051
4534
814
339
371
2027
178
1971
4045
4943
3985
2587
2848
2506
2167
4472
662
2283
4633
4334
3676
3905
1424
935
2151
1898
4056
2056
1495
2250
2245
3034
2666
2848
419
134
2200
1523
2889
1096
1330
3040
3042
3849
4140
2583
4510
2871
530
4220
2268
1614
3283
2773
4085
984
4834
177
2812
2963
3916
640
611
4688
3986
4414
2686
2861
3656
4498
1542
239
4539
263
4381
2232
2053
1168
1167
329
2416
971
4546
3899
1757
4585
1156
3668
3163
2698
1044
1403
4568
1603
51
982
1450
682
4734
4799
4620
677
1074
4270
1812
3686
267
1183
4334
3369
3645
2033
642
2152
1772
2104
1716
2568
3078
1420
4121
4490
624
4003
799
532
4994
4232
4762
3588
3898
44
4119
4555
1227
3843
4833
631
1829
1726
4897
4502
4490
4191
1713
1669
555
2516
3648
4399
2221
33
3772
4277
635
4558
2201
3507
2382
2038
4890
3887
1930
1220
4413
1871
1274
2465
562
2597
2028
3927
3758
4324
609
2579
1009
4821
759
1678
2666
748
3796
1774
2910
4620
232
3432
2886
2348
4654
1458
1749
4921
1523
2493
1910
44
14
2353
4299
274
1161
3730
1093
3681
390
3386
1679
1919
48
4600
961
3756
1063
618
2769
3922
629
1963
3753
4075
4623
3976
3395
1511
2793
4166
4403
1256
2556
3342
2627
4518
560
3215
3195
4606
3654
3117
1248
2388
2737
822
4112
2302
1828
1338
3884
4124
3736
4835
1248
1542
250
323
3239
3123
4994
2622
4303
1849
2037
2058
1141
546
3067
3637
1189
4636
4026
2816
1117
4630
1228
714
2089
570
4262
2021
3848
2978
1585
203
4693
4222
357
1046
3639
1934
3178
4459
3691
590
3148
2619
1614
4105
2705
176
4114
965
4409
241
48
3134
1704
1571
1229
872
942
810
212
1848
764
2047
1832
1452
2200
2142
194
4026
4319
1088
1446
1614
3635
3771
3209
121
2418
1133
2552
3228
3555
2823
19
4023
3292
3845
1159
2759
222
1051
2754
1824
3056
2327
3021
3054
1566
4195
3449
3082
2704
1991
1313
1288
2339
4501
2258
1587
3396
1635
2401
352
4012
2269
2600
4414
3599
680
1712
312
1245
2900
3723
3733
1391
3465
1950
2202
1724
4405
2853
629
866
2785
4170
3437
881
2053
1699
4541
610
4035
4882
2648
2758
4564
4275
3445
528
265
3823
4571
1782
2515
1320
4109
1900
41
1091
22
3010
3335
2073
2509
3536
1872
3271
204
1350
3555
1123
1512
3488
2647
1586
61
3726
1926
4733
2874
3829
2544
374
4723
1852
2052
1534
1319
2536
538
269
1710
2388
1243
909
2578
372
4007
2020
1344
2779
3610
1858
3927
381
3895
4911
1637
1316
2291
1039
2964
4321
4956
2935
3987
1780
4677
3071
4859
189
2921
2824
3378
706
3422
509
84
4734
130
2042
2130
558
3904
3666
4827
3937
655
3819
4884
2251
866
440
3855
1802
1601
2828
1203
2919
3006
4789
3742
2337
3493
4742
2268
3388
3350
517
2564
4938
1483
148
1116
3823
3454
1193
3565
334
152
2216
4528
4560
1795
2389
4796
4294
4131
2045
917
4198
29
4457
4455
4449
420
3368
4588
2673
4345
4565
4009
3008
2588
534
921
2254
2310
2908
3192
577
1252
4623
458
4627
834
1192
1421
919
3962
3561
4096
3220
2886
3933
3271
2706
1768
1205
4876
2153
4017
2242
2753
3690
2600
4979
3551
1160
2120
2193
2227
340
2515
3290
2775
1236
2194
640
3842
1431
2314
1740
2289
991
3474
1671
1299
2845
958
4605
1752
3316
3841
4411
709
2848
430
4072
2179
790
1057
612
2002
4760
1045
341
4998
4775
267
448
674
1119
2242
2464
338
3368
1496
1426
1607
4830
4967
4350
2597
1824
4513
1092
9
3414
4444
431
4123
3969
2243
4943
4322
682
2468
3735
3014
84
1575
1152
4057
3346
262
392
2957
1648
1471
1460
690
3761
3240
4400
4793
4831
3556
4798
663
94
10
2653
2400
4140
2478
3003
683
4313
2984
4238
1502
610
522
3597
2066
3325
28
1302
2645
2093
4516
2986
2899
4391
3467
3669
4352
651
442
623
4607
4487
1936
4520
3382
2551
1822
407
2954
1503
4551
81
4275
2520
4863
2266
1557
720
4283
20
631
2324
1587
3938
2467
1959
313
998
2419
487
370
4164
935
108
4957
4879
4965
1375
1580
4503
2190
3050
476
4478
1153
160
69
4529
556
2200
4174
2126
538
274
2592
4315
258
387
4269
2311
1600
2051
4350
1227
1286
3332
457
3953
1597
2936
4749
3769
209
2182
4447
2490
3222
1633
4843
4535
1678
3036
4118
2440
553
1425
1097
4753
900
1177
3944
328
3484
1216
3636
3346
4684
2743
3481
1150
1416
1783
1927
4851
4281
4989
2988
271
3187
3177
4267
4842
4079
794
2855
2315
1061
2037
3239
229
3427
3956
2141
648
2625
4606
2522
411
2954
2948
3491
3453
4455
1118
4309
4258
4181
4193
1081
2520
2676
2088
3789
2378
3493
282
2963
453
1941
1353
1686
3327
4302
3502
4033
4950
1684
1010
11
2222
1244
4407
857
560
2832
4415
4900
1012
3074
4018
1833
2641
1827
3891
3249
679
829
1895
2469
1337
1733
3756
1041
2595
1871
3349
1119
1693
3550
1564
3384
1382
203
1449
2241
4065
1045
1058
1824
937
4111
4309
4641
1777
4810
1167
4724
1245
1179
2595
3793
4789
3156
3538
4086
4388
4162
1234
1277
4800
499
4834
2912
4063
2450
2971
3570
197
707
4287
845
4434
2575
2447
1423
1603
441
4326
3330
3702
977
4239
1295
3624
2770
4666
4118
3916
4720
4045
762
1976
3761
1938
569
3523
4069
4651
1634
4330
675
1483
4420
3252
2371
304
3659
4006
4375
4804
4395
4388
1473
647
2533
1161
3712
1103
2776
4108
2562
480
727
1732
4180
351
3860
4937
237
2804
3335
4045
2741
410
2052
4921
3122
617
3512
2098
2688
3135
4021
3083
2105
2567
1296
1343
1736
2483
1481
881
75
2091
4949
935
3890
2811
24
1927
4614
2223
1265
1632
3044
2101
2812
469
4878
1332
32
2978
4084
3817
4871
2682
55
3157
637
25
1422
696
4856
2104
1129
120
903
3989
925
3743
1523
4044
3141
1508
493
3846
1060
4202
701
3633
4274
1290
684
1528
1918
224
2926
2304
1002
1870
1937
1570
3434
490
2600
2256
345
2522
4734
467
200
4661
1451
4626
231
4696
4095
1930
1261
4906
367
4942
1202
2285
3945
3460
3000
3673
831
1978
876
2897
2499
2776
2345
1637
4154
4914
3177
4489
1755
2239
841
3575
2505
1506
3521
2429
2872
2586
1987
2764
3710
3567
1846
4054
1308
3132
1898
696
2166
79
2164
2022
4124
459
4665
279
447
2738
1087
554
424
1945
2707
378
190
3823
3230
4161
804
1025
3252
1671
2216
4560
4371
116
694
1082
4713
3065
3484
2529
2440
3857
2746
4946
463
4196
522
3640
2336
3911
2852
771
1646
1661
3853
1205
4382
4033
2280
4637
2844
1962
4903
3157
108
3114
865
2258
1500
4371
567
4373
3826
976
2949
3317
3947
280
4396
2289
3001
1786
2674
870
1272
1736
538
401
1999
2849
4563
563
212
3929
1203
1171
906
1945
4326
1536
2901
1603
1498
2124
1655
2790
2188
1054
2938
3647
2211
3412
728
22
4789
3172
3816
1301
2125
1110
3757
1956
2354
2272
233
834
3727
1386
4385
3924
2402
42
565
1667
2171
3705
2691
452
2986
2633
535
2770
2271
1624
4256
3101
4715
3786
3228
3068
4149
3624
2865
2843
532
2263
328
2918
4383
2739
2570
1846
2277
1982
3318
3157
2285
1162
3026
817
642
499
2730
4436
2916
1854
2657
4562
2891
1823
175
4250
2831
1653
3486
3477
677
1616
4602
1578
2528
2466
74
4590
1297
799
3193
2394
4982
2178
3872
1381
1849
2141
3612
1398
1550
3175
3954
4202
1544
4216
13
3888
751
620
4261
4253
2624
2039
3859
4357
629
1265
2542
423
3133
1134
3030
2854
70
2566
1069
1579
3183
3768
3056
4405
2558
945
3301
2914
1022
3662
2432
4047
4038
1836
1864
423
2076
563
1676
4525
2521
3965
4977
3986
2915
1421
1030
1755
4228
3859
51
4655
1172
1860
3147
1385
3696
2357
1109
2942
3850
4644
1162
1321
1204
1580
425
536
1878
4929
3916
4665
4937
2862
2442
2098
1087
730
3885
2349
701
4755
4021
3656
3576
4451
645
4316
1402
148
219
1822
2145
2351
2074
2292
934
4202
1945
811
3
4098
3682
867
3592
744
2627
2816
4921
3763
2932
2706
3391
2168
3777
4305
1885
4841
1109
4359
2609
2771
1835
1566
4293
4458
2292
1066
2678
4853
4538
2938
186
848
2078
2286
2685
3716
508
1898
2243
135
860
1803
1434
4409
4167
2970
636
4149
1488
2216
3702
2538
1539
2006
4496
1884
2425
1331
2720
282
250
2530
3884
3712
2302
1566
2916
3368
1321
2887
4650
4354
1219
2419
2533
33
2416
111
1213
4180
4272
1895
1829
1350
1670
3262
3320
3672
2788
2388
781
21
3161
3429
4712
600
271
1023
1346
1218
1039
2007
3867
4611
4393
4995
3907
4140
4124
1812
3148
4532
4928
1803
2965
4618
4999
4658
312
1260
4973
1747
4783
4009
926
2207
2936
4145
2265
2558
1269
4102
1996
2800
4691
4544
4908
918
1665
3001
2658
45
1605
4252
2630
2440
2373
4850
281
4223
2489
1288
1872
682
4478
4089
4222
1483
2117
4318
993
1965
4110
2357
4229
1505
3487
4744
3903
1309
4323
813
2217
1197
3569
3545
2204
1956
4902
1151
2518
1075
3958
1248
3356
4014
889
868
338
4279
1545
3475
3573
2256
703
935
2142
197
2712
3341
2184
2532
4473
25
926
3999
2206
3621
2136
4896
1919
2477
4584
794
2796
4219
3972
701
4113
3411
3384
1569
65
4358
4021
1380
2550
4684
4475
350
4695
2212
3671
1167
3083
2818
2877
2512
2181
1891
3484
263
708
1822
540
3017
2185
542
3042
3733
3648
2023
4503
3482
584
254
3578
3960
3427
3237
1505
2627
4506
3799
4667
2324
594
1722
3075
4128
1627
3125
1416
1504
4342
4201
3939
1911
2003
1282
943
4353
3090
324
4846
2340
4542
1371
3068
3724
676
1285
2333
2002
4037
3110
4715
3218
4353
1714
2299
4364
4917
4019
2955
4186
3723
831
2698
471
1850
1226
4676
4494
2628
4873
860
2970
2275
2754
638
2391
3006
3681
4669
3133
4721
2651
1697
3955
3379
4206
1549
878
1548
3140
856
36
1244
2213
3969
3883
3928
2987
3250
473
3523
2145
3516
479
3865
4917
1509
565
310
4652
4472
95
462
3858
3323
278
1621
595
3981
4022
1998
3821
465
3675
1156
4020
2142
1810
1577
3253
356
2865
3427
3623
3863
3004
3725
188
1135
2897
4369
2115
3610
4114
2625
4654
269
826
437
3489
71
2108
3270
4909
1015
635
3533
2452
3349
1049
2435
368
3758
4755
3366
3840
2031
1267
4490
3460
3316
2476
2548
2484
4281
4821
1638
2228
4930
3198
1894
1020
1762
3437
3324
2458
4142
1602
750
3443
4674
4665
4259
1744
3453
4624
3149
1238
87
2045
3400
4912
4162
214
938
2686
1073
2712
930
3886
2078
1520
1929
211
3882
1974
831
1607
2949
3241
722
2525
2041
1143
2997
1707
3839
1181
4983
3702
2492
1755
3147
2491
1084
1387
3281
663
2589
424
2177
921
2238
1689
30
4260
2399
4584
3179
3475
157
897
515
604
1909
3999
2908
4543
3624
2730
713
4176
1636
3189
4725
2700
546
1794
2166
3704
203
3852
986
3122
4767
4601
2985
429
1034
2645
1777
810
4410
3233
26
3026
3444
4349
2724
1877
4260
569
3960
4123
1163
2181
2537
101
3136
4473
4238
800
617
3313
70
2280
4229
4810
2727
3268
282
2833
3919
1891
1809
1001
3482
501
4682
627
3921
3822
4713
4250
4126
4083
1854
2896
3988
3949
3833
2409
898
3937
4221
3803
55
1117
1204
3501
696
854
4234
305
1262
1275
1936
2577
2411
3225
606
4943
3912
4940
2643
1400
4455
4241
2470
3529
3952
4262
1443
3591
2795
3645
4008
1871
4825
2361
269
4559
3877
1124
3672
4389
4787
4664
3887
2703
3932
1979
1331
4734
4253
1862
4765
307
2884
2553
4147
1009
4043
675
2800
2772
997
388
4495
4411
2521
2844
1193
2798
597
2165
1531
1718
922
1522
4342
4994
2239
1251
1279
2632
1863
1335
4782
1184
3373
499
2147
4164
4244
3076
1371
4875
4699
1195
3874
4364
656
835
4077
4835
4403
4889
4175
3719
938
524
2148
4384
4972
1086
106
4178
1646
149
4147
2740
2379
4926
83
2410
3529
553
741
3306
1786
1333
2139
405
3408
1974
4575
4529
1649
2556
1249
635
29
4978
1089
1602
87
3278
88
2247
2794
4943
3222
103
2684
383
210
4532
762
337
4927
2611
3499
3071
4189
367
2686
921
807
3749
708
531
4172
2298
3305
2729
1052
236
434
2574
848
804
2106
2031
4540
1312
586
2058
3815
3639
4168
3983
2288
4965
474
3020
4327
4666
1851
4730
3375
1528
2340
3334
4506
4794
2070
3201
1880
2535
1752
145
4512
439
3211
1442
1613
4260
4971
3857
750
1835
2347
2372
2242
2475
3909
774
64
2358
2537
4682
4831
3259
2510
576
3347
3641
1131
728
751
2091
53
2525
3023
2528
162
2852
1492
2140
3624
4994
2588
3444
880
74
1587
2171
4785
1703
282
447
1878
87
2679
711
4676
4781
1893
700
1415
930
2140
2364
4655
4962
1479
4303
781
3870
3880
4519
2156
391
2034
2745
4980
165
1061
108
2383
2530
3326
3104
2312
82
2694
182
4188
1873
1897
1633
4444
1519
517
1290
3275
4915
4481
4511
1099
1504
1905
364
1242
4156
3497
1684
1505
541
305
2039
102
1748
2197
2559
3609
4119
3451
1554
4622
3149
4907
2969
4026
1962
4591
2366
1890
774
3357
3745
2828
2355
697
4987
3300
2168
2649
3660
4939
2017
4481
1926
3171
1031
160
1895
4709
4620
2577
4741
3371
3616
4224
4953
3640
1049
2730
2901
2263
1601
4863
4986
3425
3296
2966
4434
3076
1735
1439
4302
3388
373
3391
3357
629
741
4867
4264
3790
606
588
610
3979
4158
2123
4449
4818
4206
2776
4816
2521
2719
39
2134
3565
559
1119
1867
4944
4685
2013
3874
4958
3601
1623
4269
4933
1835
1084
2739
3303
839
2105
4988
239
737
1365
3307
4695
4628
2560
4687
1357
4926
4506
3443
4370
2055
4277
3827
2735
3276
385
4051
1312
314
3729
3899
398
890
3033
3708
4040
3580
2542
4197
3316
1955
383
1743
1285
1551
910
944
1519
3908
1194
2873
1546
2040
2619
1596
4335
747
4048
3062
587
3814
3007
2289
3976
1787
2
4842
3225
1064
3279
1025
2522
3123
2390
62
2609
2443
3255
4446
3679
3850
4989
1624
3473
3969
4718
4138
1593
4242
3746
1924
1434
4282
434
901
3945
4726
1707
3102
286
4240
648
3471
3913
4324
4979
2673
3340
4383
3816
4758
1906
1051
641
2500
2333
117
221
3489
2509
305
691
4586
4591
3776
3819
1944
670
1760
1956
4533
3040
215
2888
4968
265
28
3726
2569
4413
2314
4782
4078
2319
569
3027
3811
2216
107
27
1966
4601
152
375
4171
1519
2028
4072
1419
4568
4015
4012
846
3417
4901
3875
3545
4797
381
1503
2346
2998
4364
1769
1498
1375
988
3515
1453
1898
2368
3373
4667
3668
337
1924
3442
178
3295
749
1656
4828
4469
3727
3809
454
976
522
396
544
2055
3837
2665
2178
4960
1880
600
4997
591
4733
1890
2320
1224
2859
4021
4084
2833
2534
521
3729
1013
3692
3877
1913
2525
1087
3869
4978
1745
1171
661
3596
3774
4492
4499
4304
2717
1841
3413
3867
2399
3535
4995
3860
259
2056
2715
3227
2771
1680
731
3172
4589
4479
85
1977
4597
3662
3184
4292
4563
2036
3035
4469
4407
1219
4964
1382
4265
1063
1965
1830
481
4024
935
2676
2957
139
2962
2695
2857
897
256
1894
1685
4729
4522
1644
2514
2812
3145
1334
2866
1783
4405
2968
3445
1471
4919
3714
1409
4715
3350
3555
3214
3275
1022
4983
2622
1708
2206
4945
4682
3196
3839
2442
4484
1268
4504
2183
1430
4828
3307
3975
4584
2574
3738
3350
3809
3343
39
449
2851
1081
2719
3371
1232
1035
4671
571
3172
1728
4131
2816
1923
4337
2077
4366
3179
2774
2733
1068
4888
51
4040
2684
2968
2185
4133
270
4395
905
3193
3592
3501
1349
2979
2647
2932
4876
2962
2873
1054
2248
711
785
4696
3303
4261
349
2425
4270
3710
3859
4683
1397
784
2970
3884
3052
3087
1848
1634
1024
4191
1054
2072
3144
3203
1741
2363
1620
1493
3350
3576
878
2458
4117
4274
1019
3963
4112
3907
2495
3477
4996
3876
1149
999
2369
4854
3687
539
2612
3981
2671
3231
4968
1376
2769
3222
3635
3224
1077
2317
3605
2266
3371
4531
2477
4389
1233
3124
4940
111
2868
2843
4340
4810
246
3907
4027
268
218
1500
3090
845
3873
3640
2323
1308
2261
3435
1041
469
2801
3025
4467
3350
3004
2103
2472
1655
2070
3477
2028
1165
2751
3768
2166
3308
1123
264
4788
2977
1332
923
4293
1106
1612
1736
3219
2826
3046
4957
4633
4448
2961
2671
1990
378
3578
4344
2594
257
4477
1100
4389
3843
1307
979
311
3540
2771
3234
1626
57
4601
4891
3072
4188
850
4881
889
611
3454
2159
1657
4194
4820
4564
2368
4835
1841
3357
1124
1224
568
3068
2441
1196
256
3791
2867
275
3716
221
1280
3594
4987
94
3872
3412
2942
1711
3259
1318
1537
984
1092
4433
1436
3881
283
1615
2032
153
444
1911
4434
1824
2540
3219
414
2278
3336
2989
151
4827
2777
811
4262
413
1741
3743
959
4044
923
4650
4641
3118
4871
4812
952
535
2357
133
736
3881
2116
2711
3866
3210
2883
2826
1590
2096
548
4506
4821
2051
1974
2565
827
1294
848
1955
1133
3119
511
3643
1767
1172
2842
1356
2194
4844
944
2995
634
1843
395
2667
1015
4688
1099
1959
833
1288
608
837
4419
2304
71
1620
1732
860
2014
2727
3443
4309
4567
1028
3260
4169
679
4134
1880
378
1459
1789
2240
1830
4242
1902
2986
1692
2851
4648
3271
915
1606
1235
3911
4495
4382
1130
2249
4337
3926
3640
2697
2385
1519
2460
1185
3632
696
2467
82
3160
2121
525
3317
2682
2841
4575
2378
4137
4781
4265
2834
4106
2563
88
3083
4563
552
2198
4457
3988
2497
160
4513
777
230
2191
3484
1361
3594
1892
2460
4809
3810
4322
4493
718
220
3257
4142
4856
399
4252
4393
372
2340
3031
1246
386
1750
1965
250
726
2823
4728
1637
3346
1575
4071
3250
1203
3935
1780
3846
3993
634
1843
1621
72
3053
3532
1452
4005
3551
2767
1981
4039
2019
2296
3336
4919
2783
3886
1419
4498
440
1523
4601
3159
2570
116
1119
3317
1804
2285
3389
2110
4269
3115
3278
4423
4520
3816
4518
1796
3494
336
1874
2819
1254
3530
2159
1707
86
502
478
3451
3373
48
3154
2952
2539
4302
4369
1344
2284
3145
3582
73
820
4551
2118
1142
367
382
1580
81
940
4786
79
4146
618
2426
3685
2492
324
1021
3447
2582
2070
3315
2854
2038
3981
2720
1195
1074
4025
905
4546
4148
2117
3496
1649
4154
1110
3925
4299
4945
1610
1632
4755
3353
584
2426
3446
464
162
1105
585
209
51
2281
1312
2708
647
4716
1563
3621
2694
2882
3466
3194
4317
2121
3563
2576
4805
3977
586
4015
1591
4945
1303
3314
464
2908
800
2028
3360
1284
1931
3533
200
334
1976
2882
3784
1364
4359
2325
7
2976
610
4154
1339
4565
355
4740
3104
1008
1396
3258
4608
686
2504
3444
1858
3146
1674
765
1408
1372
4203
2519
3904
3191
842
2436
3927
1797
3906
470
4898
4060
3932
2244
1466
4830
1680
3456
3551
4932
2482
950
1380
901
3119
3925
968
1544
3309
358
1273
714
3310
4667
715
4809
1887
2533
4423
2019
4894
3049
51
4295
3609
4105
2585
1581
380
445
2499
2075
3579
2024
655
2925
881
1789
1540
1013
4362
848
526
209
398
2677
4725
3908
4140
4983
3760
899
1119
1434
2869
779
666
2001
830
3252
599
673
16
4353
2005
3484
197
4263
2691
969
3003
985
2658
3181
1899
1053
986
360
1477
1597
2002
487
4143
1473
4906
101
1731
2909
3983
2854
2004
3495
1565
4234
664
854
4348
2068
2185
3123
161
3609
170
2187
1064
4671
1457
666
903
3731
3589
4374
402
3304
1760
2973
119
2301
1953
191
3960
3742
3617
2014
385
4060
4997
4154
668
2249
1785
1037
1055
101
3625
3464
972
2201
690
1851
4311
523
1182
443
431
4610
1631
1649
2240
4691
445
842
1384
1916
3972
934
3528
335
4924
4685
315
257
1804
708
4042
2859
1846
1601
2443
4169
4555
574
466
322
1590
4241
4298
234
3036
4900
1337
705
1135
3416
2128
3400
2090
3032
3265
209
946
1082
246
4495
2281
3473
4507
3983
3648
3293
4720
2188
1010
4392
2395
4602
405
14
2516
4597
564
533
489
2310
2509
1598
3617
3717
4652
1628
4053
1423
2657
2551
3523
960
795
22
4659
3173
3417
3736
775
3658
3977
4248
493
3605
85
4324
364
1346
3665
4654
4644
617
28
1980
4688
1463
3966
2861
4304
2909
279
3886
2885
48
3167
2958
1381
4375
605
1884
3468
1916
3867
2629
722
2033
2243
1305
2743
627
3442
4008
2956
4275
1561
270
1608
1660
4969
3472
1341
3772
3210
1536
4925
4980
3722
465
2717
3603
4583
4617
1076
3284
2139
1469
2596
2514
658
4807
1285
2224
4687
1832
2764
4943
543
3190
911
215
4097
2932
1038
3402
1914
4419
4748
292
3575
1150
3824
612
1403
178
2355
4115
847
4922
904
1600
1051
1828
320
139
2433
491
1824
4845
1371
3801
4196
4241
115
4373
3436
675
2146
3518
722
34
4235
695
547
1935
1521
4892
7
1277
78
833
4122
3971
4421
4600
3603
2128
1242
881
4972
875
3630
3318
702
1090
2405
1732
981
559
3146
2971
1748
4851
1311
3669
3219
1942
2687
272
1001
1792
771
2589
835
2108
1213
2597
4027
3799
654
2537
2943
3688
565
3297
379
4728
705
4618
2128
3896
2509
4818
2031
4924
550
3493
3263
4979
2421
1116
3423
3546
600
2902
2287
2423
3217
3037
3886
305
1278
4885
1752
372
4211
4456
4952
3715
2855
3591
3026
1514
3287
4542
1143
1539
3133
3067
3474
3861
1691
3733
4995
3536
1654
2450
368
1294
2294
1577
2945
1910
4175
503
4243
4492
4493
4425
2681
2877
3241
4273
3002
2994
4480
2559
3299
732
1511
183
1715
1440
4311
173
1083
4600
3799
1032
2378
3725
4956
1775
585
1764
3208
716
50
3295
1206
2214
1198
1353
2806
2619
3863
3770
3715
404
2324
664
303
35
3490
4794
254
3647
4237
4835
1070
4198
2489
4
3073
4584
4849
4924
852
4145
1650
4375
237
1769
4805
3561
1984
3368
1089
4369
2606
4822
925
3673
3566
1229
1547
2216
4260
484
2718
4779
3079
1923
3709
1140
517
2119
813
2493
3070
2993
4070
3335
1987
465
3851
3030
2250
1019
348
120
1793
2234
25
4331
3785
4088
4384
512
2006
689
225
179
72
1063
4578
2682
4981
4114
2934
4169
1729
882
4201
4558
2073
2435
3343
773
4653
653
1731
2537
3976
4672
779
1044
678
4533
95
4187
3230
3136
3490
1207
1096
2317
4076
2772
2377
3903
2673
87
2728
4578
3217
4039
3083
4523
1713
962
2097
2732
1270
4169
899
4630
591
1092
4368
321
4039
435
1064
697
811
251
2145
63
20
302
744
2707
447
3485
1077
4872
2613
3708
2106
344
1280
4367
2283
4365
80
572
886
2908
814
437
150
837
1554
4798
3980
1570
1502
3653
3439
4041
1106
3262
610
3602
4646
1692
4461
389
4203
1265
3419
4117
3199
820
3376
3661
498
2865
793
3075
3390
3304
255
3068
2379
2003
3056
4773
1367
326
3302
1345
217
2222
2323
4789
1997
1213
1001
1218
3214
2245
2901
1877
4003
1183
3156
4328
4331
2162
4009
3651
788
4512
4297
3664
1667
3624
2371
633
4083
1574
4864
850
4762
115
4227
4612
1552
2433
3318
4395
2762
2783
261
1739
1238
1707
1635
2379
1030
41
1757
4751
2398
3847
1626
1951
301
3163
1104
4278
634
4334
2810
2431
473
2039
4834
1005
3233
2898
1655
1847
4579
99
643
4372
3073
2683
3954
171
3549
128
434
4668
1478
595
4792
1777
1933
4980
1733
3138
684
4941
3254
1027
979
3843
2944
3544
2258
147
2877
2506
2910
1119
4945
3356
4393
3884
3283
3642
4494
4219
407
903
655
4726
1084
620
1761
4615
3537
3212
864
3170
302
2032
4849
234
209
4782
3292
367
634
3081
1835
500
4266
4372
146
1920
364
2797
4381
1540
3918
2814
3062
2837
2383
4530
2540
1048
2850
2488
3716
339
436
276
4308
4685
4221
636
4134
4388
686
4778
4518
1085
4187
1610
2979
78
3428
2648
4258
2295
3034
908
2332
1034
3938
1159
2183
2343
831
185
3401
2474
3750
1560
1493
1080
1707
4242
952
2274
4491
2127
4797
1218
884
4804
3879
3277
3709
3906
3138
3216
3049
890
345
4911
4843
319
4214
405
1124
3176
4883
150
2495
3727
3704
185
617
1059
4296
3844
1247
4391
4439
2093
2824
686
3576
61
2598
2748
4590
63
2691
1158
1424
1227
2667
2260
4503
1178
2400
4378
4593
569
2739
3549
4513
2371
2539
2274
188
3534
3746
2272
818
4737
3440
1278
1294
1057
1905
2632
3069
2720
3926
1686
1085
1293
1911
644
3353
720
1361
3074
1153
4720
1682
4251
1606
4757
2022
4604
4091
2999
3236
1322
734
2581
2796
3255
4701
3323
819
992
2072
1691
4176
4090
488
4476
4642
3088
4653
3497
1066
205
4930
264
4720
4714
975
1948
751
1660
468
2473
4061
1515
3178
997
2497
2826
2910
2156
3595
118
237
3763
3050
4180
3794
4515
3172
1187
2861
4033
727
3454
4913
662
977
2002
1450
4436
628
3941
4801
644
3739
1875
881
1130
4488
1634
2165
3740
4514
1340
3618
3519
578
2869
3063
3445
395
2060
4114
3459
1620
4958
3497
1325
3248
3982
2406
2042
4192
3773
2381
3938
699
294
4311
807
1787
928
929
3311
197
4046
1464
1910
2044
2390
4684
2715
2766
978
2938
36
3713
3611
1984
3397
3922
3346
1878
713
4662
3470
1364
1957
931
2012
1875
2728
3497
219
2715
3096
1131
1431
2274
3832
2278
2874
800
1971
920
83
1850
2092
575
1032
2177
3271
1810
1290
3292
226
4720
4047
4888
1215
1810
3238
2373
3200
4154
3104
4836
15
2466
2498
3530
3573
2784
141
2870
2375
3165
903
2383
1451
523
194
3667
4701
1171
371
4967
1094
2473
1160
2274
1775
2805
2314
1083
4931
5
3393
4278
3172
232
3515
2575
2584
4143
2639
2283
3531
849
2894
4624
1856
3714
648
3174
526
4314
2210
1996
1568
2990
933
803
1268
2445
1745
1395
553
1841
862
4559
2305
325
2774
2689
3952
3479
2948
4457
3170
4599
1748
2971
1505
3824
1932
3362
2174
828
2834
638
3863
1882
2030
4723
165
4702
4315
4263
1449
1927
2418
3451
2417
4964
2024
53
4456
3746
1107
3076
4123
431
116
1490
3459
326
3705
2765
1633
1135
4496
3502
4134
1813
1542
678
2203
3797
1334
3004
1801
1094
334
640
2
1992
1711
1598
3028
1255
2056
1822
1464
3427
4884
1063
2535
1790
3821
4169
1286
3999
4686
3965
3830
1636
331
1734
4490
2699
3503
3886
2574
4347
853
201
3020
4231
1171
2399
1033
4643
1474
4540
2762
531
3673
780
235
533
2999
1640
3318
2167
3076
4591
2555
2929
3052
4167
3486
3835
1466
335
1404
1144
4627
3281
1247
2826
915
1028
3406
322
3913
4488
3386
3988
621
640
3936
4557
1412
851
3280
3989
2147
3691
4128
1462
2768
2255
1536
1365
2232
2737
482
2244
4659
1926
4524
181
645
967
4560
2008
1653
1325
4350
1962
3844
4215
1661
1797
2400
2144
4364
675
87
4399
315
719
2428
4706
178
3200
573
1183
1955
352
4159
2364
85
2482
4939
3206
3896
911
1293
570
2979
2060
1728
1790
2753
1454
4663
2929
561
3848
634
231
2169
2652
3944
4005
2385
4148
4384
3096
2338
4746
3773
779
1551
4278
4359
426
1742
77
3642
4095
499
2158
3758
3447
4080
780
3510
2667
3360
1526
3060
619
444
4297
193
237
4237
3999
2139
3275
1820
1664
3347
682
2039
4810
3587
3139
23
2904
1308
2700
2417
2926
711
1883
4785
2392
4103
983
2263
877
894
1985
3774
4565
1952
1564
15
4752
1732
2630
4140
4401
1196
631
1294
994
1153
1350
673
4789
4637
3691
2381
2873
1759
2406
3783
2467
1255
3714
651
4765
4831
840
4003
2192
519
313
1926
4492
363
233
4020
4439
2881
1227
4
583
2102
1131
3266
3294
3578
4800
528
2982
1859
2451
4744
1788
2086
2551
3620
731
495
782
4928
316
932
4809
2205
1255
679
2477
4885
1253
3844
2111
4369
1443
4012
4702
1139
2691
651
1875
1680
123
2309
4066
2005
1796
3902
2032
510
2675
53
116
177
2097
2201
4254
125
634
4052
126
4924
1940
2479
3013
3984
3596
489
2921
2024
453
1512
1824
4534
1272
1516
815
4312
1638
3687
3388
2109
2350
9
2720
4910
2745
4035
2988
872
1035
1159
3053
3331
3790
4915
4849
4002
3725
4240
1059
2113
3595
3119
703
1101
898
2168
4124
1667
958
2438
3165
2429
2485
4073
639
750
1354
9
791
286
2521
1563
4358
2560
2942
673
499
4969
3949
4237
4583
357
37
873
2685
3376
1626
850
3258
4940
1671
4126
1214
2082
497
2167
776
3382
2064
1805
2725
1075
3726
1836
463
1499
3248
734
4157
2690
1992
2607
4751
3931
3505
3420
371
639
1256
3309
19
199
2221
853
405
4327
810
3041
3794
2249
720
2636
2476
3617
498
1712
2094
1875
1357
971
1234
4493
3214
942
2639
664
4217
1351
4157
4220
1802
3298
3244
1485
3285
1410
3315
3119
719
1971
3732
2485
1186
813
235
2049
4447
1369
3926
4302
13
2468
143
4658
4934
1595
333
4604
3075
4654
3636
2093
1939
3423
2914
1105
1815
1097
1491
2768
3182
4180
4881
4388
3746
1096
3535
2315
3766
2645
3888
403
1331
1246
3286
3578
4239
3663
3073
3125
2990
4532
3338
3344
3370
503
746
3191
3368
1515
4499
755
2433
2237
1117
2051
4407
633
1737
1455
1502
236
3641
4140
2732
3279
4878
3882
2248
2028
838
1621
3559
2610
4307
3129
4099
2237
1602
241
3392
3133
4762
1926
4089
1683
4265
4915
3463
330
4572
2021
1546
3480
4082
3272
4974
2740
728
3207
4307
4187
1249
4924
3948
2338
3380
4507
870
3362
3131
1729
4555
2861
1854
43
1098
2326
3234
1494
3018
1868
2623
1455
3946
2890
3097
991
1637
3383
4460
2559
1881
2139
372
3252
2224
389
4925
4603
86
3122
2673
4540
4636
4133
3816
2291
348
331
4472
426
2386
398
4727
3401
2500
998
2002
131
4452
2016
2199
14
2055
3989
1364
2071
2592
4216
1993
3212
668
1783
1454
4989
1429
2103
987
177
959
64
3576
4855
1886
4503
2266
3777
2058
3563
1009
2338
4668
3123
2570
3906
4946
3424
1477
1862
2926
892
2895
1134
704
4188
3290
792
51
654
677
4427
3175
1468
987
453
2633
3968
4199
1086
298
790
2744
3568
675
228
3828
587
1815
202
3583
3926
165
2407
4753
4224
4864
2932
1096
1193
1641
2875
1312
1424
655
1643
659
2714
1085
1653
4518
3596
4480
1914
1767
203
2615
2644
3015
2314
3157
1157
2308
3419
51
1453
880
2901
321
68
3631
222
1308
142
4913
3805
1784
605
1504
11
121
590
2245
4840
773
2810
2547
520
4432
3867
1032
3807
1222
4297
1151
2144
1191
174
1790
4924
2085
3922
3012
279
3850
3687
1034
2537
1927
4780
2240
831
29
1308
3748
2005
4039
887
3926
922
3957
447
459
3452
65
2329
3467
2074
3633
1707
2547
3273
1983
2735
30
589
2968
1896
3538
455
4865
677
1373
2405
4537
3281
3415
2364
2689
193
3621
1752
4635
1224
316
1322
2217
546
4323
3145
1250
3469
1371
4257
4630
241
4639
1526
3655
3403
2971
4600
893
1497
4281
1766
3017
1022
4055
4390
1884
2701
3097
1259
4932
3531
858
1161
4520
179
1992
4080
3924
2378
2568
2046
2769
2768
1696
1879
1087
2441
3245
2073
4018
122
3138
1725
1417
1743
3838
1498
223
4646
3063
2002
1015
3889
4240
3899
4404
2279
2210
2402
1381
991
3157
1678
1789
2615
3114
2219
3784
367
2683
3212
3509
4348
1040
4521
4478
4347
327
4473
4592
155
1814
66
2169
4829
3818
1981
3764
3276
4264
2970
1322
2557
2140
1742
1408
1352
3937
4855
3554
2272
2443
1616
1845
4037
4274
4835
2157
4111
216
2173
2208
4568
4055
1880
203
592
4085
862
2506
930
4639
2438
4109
1725
1806
3601
1811
1858
4612
656
4301
1061
326
3612
556
2339
149
2265
2274
3267
1457
1467
1868
4714
3654
3853
1301
284
4692
3309
2544
4066
17
3778
1900
1590
118
3680
2820
3981
120
2280
998
1900
1120
3392
1342
1985
2478
4346
4287
938
192
1033
1275
2608
686
647
3715
207
2953
2510
4497
4835
3086
4949
2467
1263
65
610
3354
3660
437
3094
2284
1842
357
4763
992
4412
208
1935
1344
515
3722
4249
1968
183
1360
4130
1265
78
420
182
52
1442
4061
677
3342
205
2708
1495
1858
933
2304
821
545
4037
1799
4318
871
3480
2129
3873
2681
2751
1598
3686
1651
3515
3672
170
4913
2496
4311
138
154
2705
1392
4301
1160
754
2132
3609
1828
1407
2762
371
4697
4206
4139
4720
495
355
2560
4331
2356
4333
1018
513
2263
3066
2724
4254
2695
1626
3169
1965
3907
4979
4843
3441
1472
4479
1153
231
1307
40
4410
630
2922
73
2457
2700
3677
904
1616
2826
2106
4730
158
2504
1659
4389
2330
3576
4050
657
2704
1395
1009
1669
1240
4655
3647
206
2715
4619
3972
3363
1357
2056
3560
1516
729
3238
3247
2009
2871
2212
3636
1581
3063
866
411
329
464
4208
309
736
2252
488
1400
3407
1048
3789
3533
4515
3583
3264
2606
4239
416
3530
4620
380
4093
2739
3129
585
2256
1711
883
2042
3413
3533
2296
405
1221
3956
568
3782
2651
1781
3523
1285
1210
2970
2852
3252
159
4755
2564
309
2772
3254
430
261
3352
2686
3426
3813
613
4449
4709
2576
1236
4388
4341
764
540
4117
190
3523
3837
2570
3523
1607
1165
3410
651
1849
732
3348
21
182
159
4632
3421
3928
1292
326
3008
3615
58
3646
3880
3054
1028
1123
4873
2180
4709
1380
2207
2100
1328
4481
3196
4550
1598
2782
3221
3804
1354
1513
1703
255
1754
3867
2355
1608
1557
3851
3785
2245
2541
4346
3110
4852
506
515
1325
4710
4854
3887
2588
2640
154
3655
1977
1080
1040
4775
2896
2760
4389
4805
3717
3652
1276
2116
1067
4183
1542
167
1639
1939
3763
4092
3633
2340
358
4665
170
1556
2978
3799
4663
3115
2743
3659
2123
1037
2882
4323
4419
3446
3693
4959
117
494
4277
1671
2235
3427
3091
1159
1988
2626
4176
2269
696
4435
3113
1784
4862
3557
3488
2946
1741
3966
662
3970
2200
2906
150
1067
2325
2084
1673
52
3882
2915
1836
4758
3245
71
4187
3879
3854
1140
2298
2048
3560
1978
1631
3367
3556
2345
531
4251
148
3612
2283
3350
1881
4503
2044
1451
1277
1784
3618
3977
3503
1637
1746
398
3249
1499
3335
4383
3444
75
1349
2142
1874
2013
2857
2051
3976
1862
4982
2663
438
2509
3041
4368
2226
2985
1243
1003
621
3640
2542
1950
4843
3804
1440
1106
1230
1359
4843
1660
192
3081
4824
3833
1209
1970
1486
3626
732
3209
1044
42
429
1249
744
1094
280
4177
1795
4282
3147
748
2678
3569
2003
2009
1255
3741
2910
4086
1488
323
4456
298
2839
3861
4205
3871
4173
505
3047
4568
1545
559
1472
4203
4680
1893
3687
4686
4881
3931
1989
1809
2056
2692
228
4075
4857
1317
4421
3661
82
1960
2074
906
496
3991
4295
3028
774
4103
3234
4034
53
354
2368
3032
2308
4165
3960
2473
3403
1266
1065
4320
4401
4120
811
1237
2870
1221
3510
2447
2409
2342
4533
3978
2155
3869
3379
4368
4539
3130
4695
2676
1852
1220
3237
3515
847
3983
3638
1422
2729
699
1229
3335
4499
4398
3881
4879
238
4139
4379
2475
3963
803
2748
1525
601
1703
1016
4739
83
278
895
3651
4611
2086
3907
2807
36
1716
379
2769
4991
1504
4796
707
814
3645
1267
1017
4
2401
1559
3522
1383
1425
3140
1407
1344
1493
949
3295
239
2987
1041
2566
2747
654
2357
2770
4261
2314
1167
3953
1769
4737
1704
153
1330
3659
347
999
2890
1938
4469
1277
343
1534
89
889
2307
4849
2396
3365
2384
3973
1307
1249
933
4845
1491
98
2285
1127
4087
2847
3595
2806
4383
2924
4898
3074
1321
479
1628
4266
3281
2841
4568
1384
3250
111
4336
3804
1530
3510
4456
3209
2370
2557
1525
218
349
1146
3154
949
4583
4973
347
3445
755
1091
215
3030
2055
3233
4436
4170
377
2975
4445
3284
3228
4427
3440
760
2262
3231
1996
1129
3805
3725
1607
4165
3381
4991
197
4090
3208
1754
1678
2603
1710
1519
4838
2224
3871
140
2369
1773
1589
3648
3234
3505
1457
4556
4060
3862
3669
1784
1660
1610
2317
1453
1308
4515
893
4975
222
2244
4181
2226
608
1631
2021
2454
3647
4615
1432
2764
3047
1191
762
1105
2508
3286
2543
4238
1685
3079
907
3547
2450
2208
596
339
1834
2819
490
3753
2191
2412
4454
132
2820
1535
1084
4118
2971
568
198
1415
1221
2847
2408
3331
2123
1551
2421
782
3269
2552
1794
2885
857
3287
1247
4185
423
4467
1993
3938
2521
995
4058
1810
880
2321
4149
4292
3958
2527
3558
1981
1693
3250
441
4
2139
4018
3853
1854
1608
4207
3085
3641
3932
3296
142
4861
2274
2348
3112
1695
1484
3856
2334
689
1632
1083
1402
1481
4704
3991
2583
2231
205
4239
3979
1145
1868
1049
937
2316
3158
3296
1808
1956
54
3372
456
994
4763
3988
2188
3645
4768
2814
2532
4818
2434
1411
2413
37
2013
256
1093
2754
4334
4222
4388
406
2558
2045
3394
2391
3687
1587
4430
4950
1519
1266
4723
2933
3286
4047
283
2804
954
2191
3935
985
2054
4490
4457
911
2941
4568
1202
814
1521
854
3628
3461
2366
1851
3887
275
3045
4426
2830
2475
2056
2932
3225
4622
1815
1158
1928
2616
4369
3963
1442
2764
3898
427
3630
1737
352
2031
3383
1487
2537
266
2340
2065
110
3947
895
207
4767
3967
31
544
2804
4889
2187
347
4688
2435
4375
4478
1655
1772
3864
2247
3414
1010
1233
3065
2468
430
3053
2627
4654
1488
1095
3183
1464
2098
2277
3822
882
4815
2647
1325
4632
64
2359
2985
94
274
3009
907
226
1576
1334
1515
4411
1439
1190
235
3274
3798
3409
3067
2116
3148
571
4562
2023
2187
1417
4589
1165
4239
1434
3862
2074
1392
3813
3509
2703
4903
4356
3542
4194
1546
4888
3769
4895
4555
3503
1575
3504
1789
1865
166
4807
4182
608
1678
3456
3473
1799
3222
1133
992
3478
421
4683
1067
446
3425
2338
433
2480
190
1967
2138
2991
3421
4811
338
760
1897
4038
3666
1405
4053
4329
1392
3357
1954
1613
1419
2399
3555
4640
91
2401
3308
2328
2904
3687
2979
2511
3963
4307
2214
5
1348
4549
4984
637
1431
1903
1298
822
2359
1834
3963
714
3087
575
2167
3778
776
654
2284
4389
1004
4373
3946
4552
652
158
4405
3916
3010
776
1294
3753
2975
1324
4276
1802
336
2338
2424
1767
2315
1759
3099
3525
4071
3680
4955
4126
4794
3801
709
3503
777
2926
434
4109
2769
3958
4758
4424
1165
1724
1526
4387
3608
318
2511
2787
3131
65
3929
2029
2709
993
2168
3501
336
1165
517
3996
2493
2052
2146
1237
4831
3925
2691
3514
3959
1961
3737
1176
527
3865
3102
2077
3367
643
625
1406
3539
1549
3752
1327
292
190
3770
3170
3692
2488
4926
698
2146
2099
183
685
1476
3603
2242
2994
752
1338
672
3910
322
3009
1725
4625
4705
2210
1986
3762
722
4438
567
1076
1970
410
2808
1020
1857
3849
4254
4513
4991
1189
3978
4799
4778
407
31
1420
4466
1998
3518
1794
2034
1483
4035
3927
1418
4756
4317
4992
3490
1351
3099
1965
4878
856
4620
1812
1097
948
3747
4743
4645
2728
3267
4538
4748
1841
1250
3062
1210
2208
4377
2432
1975
1851
1765
2130
220
8
1661
4003
126
3643
181
3383
4705
1605
2061
4890
425
594
3263
2080
4089
3212
1747
1437
3638
1746
3063
2277
3855
2878
4107
2357
795
894
1161
3716
131
4553
3392
4481
4404
404
4824
63
1738
3501
3684
4536
734
1392
3815
1946
161
2967
532
2956
2011
2329
972
1278
4044
3866
555
2936
1807
15
957
1441
4804
3788
1182
2636
2255
3812
698
2441
241
319
4043
2582
3924
1079
4194
4354
803
723
2601
4952
2840
4095
3981
4582
638
1232
1141
3367
2453
766
706
3604
3688
464
4869
2638
2836
1070
1018
157
1099
3490
2848
4971
2391
50
1401
2544
4926
1537
1007
137
3421
568
336
3117
559
2258
3654
1168
437
2598
749
4264
1293
2835
1865
652
3058
2876
4014
437
3083
3907
4572
1790
1194
1854
1197
404
1204
2790
4227
1894
2527
1179
2597
1910
1108
4
84
2011
2207
3268
1738
4782
2261
4345
1615
3015
905
1412
2651
953
4857
4779
4208
4509
3665
4199
4435
3643
4375
4551
3993
2703
2657
2503
957
3252
4745
2581
4086
3939
3273
4687
574
3421
4236
4322
2286
2926
4187
1331
4371
2169
1082
1378
2804
4971
555
3948
3268
3951
676
683
4547
1905
4202
3845
3780
120
1579
537
397
2618
1235
2965
377
1980
3431
391
1571
822
1296
2993
1208
4689
2944
4074
3740
3069
1744
1869
1465
4686
858
713
3740
2597
606
239
3121
2678
1897
2925
723
1526
3986
2356
626
3919
3294
1911
4469
1873
4233
1683
1907
3469
2736
1704
317
713
625
4445
2134
2550
1426
2934
1312
4689
1648
1871
1971
1885
2314
4979
411
431
2156
339
1966
4960
1712
1090
1577
6
2154
4532
4432
3191
2891
4259
3014
391
2597
2060
3846
3794
1603
691
2368
3510
2141
3168
3684
3885
224
2575
1766
1016
4370
1344
3942
3520
1277
2127
625
2026
821
4139
1429
3346
3648
371
3881
3994
4488
4419
396
1428
7
987
1051
3042
1978
3996
2879
3365
4432
2720
1109
3558
918
4182
3466
72
2488
2914
964
4523
1451
2774
2268
4859
4995
406
2815
2408
833
4474
971
3645
4938
2591
2901
1306
732
407
1169
943
2640
2675
725
712
363
3677
2543
2771
2085
4267
765
4210
2510
2768
3847
498
1368
3731
2605
1229
3044
3391
3176
3195
564
1016
3458
1976
2087
1930
1820
723
3722
4377
1142
464
1485
2633
157
286
1605
4608
4080
397
3915
4392
4055
1836
2133
2222
864
1150
4777
309
2470
1567
528
4996
4435
2479
1813
3940
1447
2681
3964
434
351
3309
3633
298
562
4381
953
665
3364
4602
4401
4487
2957
2248
4081
4603
1016
1811
2276
2196
4990
1203
77
4878
2419
3827
585
2677
4925
4379
327
2727
3451
1724
966
4222
911
1463
4770
46
330
3498
3482
2080
193
1968
76
912
3299
214
48
1894
1689
3818
1500
1310
2945
886
2007
1470
3788
3309
899
4015
1091
2168
3321
3517
2806
3312
550
3127
1048
1607
357
4567
4917
3288
4553
1968
98
24
3951
1094
2682
1938
2800
1878
2252
672
164
1618
2719
3273
1461
3262
3486
1529
144
1813
2196
2128
1929
803
823
1212
4707
117
716
449
3363
1849
1153
944
2004
4811
3959
608
2296
3604
4435
4825
1229
4036
1814
3692
493
4899
1707
2631
3214
2523
2236
1803
2536
455
2759
2995
4425
2563
3952
781
2775
3228
2253
3745
1092
1155
1103
2029
3106
1575
1098
604
1691
2418
4280
1735
3649
2784
4204
3328
482
1620
1929
4432
1355
3610
4475
2148
4237
3853
984
1195
1222
1806
288
3633
2865
576
657
3753
622
105
1618
4977
758
4427
4984
4050
484
4312
1271
1606
4290
1769
4036
666
4770
4828
762
196
1890
2069
1255
4131
4876
3951
105
3911
2545
1944
2070
547
1512
4914
2028
3804
154
4844
3504
1568
1001
3035
3745
3894
2801
47
275
3185
3920
2667
3704
2734
3627
3630
599
672
2054
766
4128
1763
738
3344
308
3289
2800
4008
4726
2363
1320
2587
2966
2148
4889
3913
2542
2854
1396
4250
2355
3772
1275
4328
2121
244
3528
4056
1481
4057
1060
2501
4958
4522
2819
4784
1288
3629
250
2691
417
2798
2198
236
2715
2062
1667
966
1109
2226
4389
2022
4101
4018
880
3330
3338
2490
3269
2246
193
2921
4549
1586
4087
3281
1198
1959
2571
508
1077
1100
4357
514
1747
88
3582
4928
2082
2714
323
915
1111
4521
3244
3426
825
2623
3962
2252
2631
2508
520
1044
2017
2927
4944
3053
3747
2639
14
4182
2319
2382
2727
1358
4260
2536
2696
4339
1912
1754
262
3251
1406
284
4031
3231
2112
863
1291
731
681
4383
4340
2247
4278
537
3192
1899
1412
2536
4040
197
4789
3133
2946
667
2311
315
547
489
1617
4473
2598
4425
363
642
1121
4383
456
4285
4927
800
3253
1452
2934
2703
4884
4069
3039
4804
2355
924
3052
3029
2796
3343
196
2827
4413
15
1850
4703
172
4715
1770
4681
2881
3414
1212
2181
2695
1680
2525
445
1091
4797
1560
1854
50
2442
1287
4064
2093
3466
1129
2934
3450
3728
1352
1191
1530
1390
3560
3383
2447
3974
2898
1147
3726
3959
4487
97
1116
2551
3504
1297
864
1022
4609
1141
4251
2390
3136
3719
1786
3157
3825
4877
4816
1303
2511
3195
4553
4494
344
4870
4863
868
2275
3933
1078
2055
463
4728
1436
1349
2257
3921
898
4186
1372
2960
4082
1231
2292
2934
1203
1625
265
1832
575
4020
1987
2736
1149
2217
3479
1209
4240
3424
2846
593
2086
1209
4597
2113
2375
1843
3561
531
4941
3197
971
3668
3664
4889
1868
855
1332
4378
4601
4753
4449
3202
1249
888
4437
1350
1518
661
1917
2749
3370
1272
1467
3239
3169
4404
1759
1777
3445
1513
3169
710
2503
1082
3263
2183
202
127
3476
476
3724
1343
1110
3335
4495
2935
2105
2573
890
395
1338
634
3353
3752
3342
2017
611
31
4785
1326
1461
2436
1388
4682
1806
2300
1229
2657
2121
1290
912
3365
1804
4796
4133
4565
4638
3158
1531
3042
4922
637
1352
2749
2990
1018
3714
3115
1122
3673
2406
1964
1777
2844
1904
3787
1621
1342
249
4358
1877
4262
4072
2569
4935
2484
982
4852
1777
971
3626
3869
4337
937
572
4523
2043
1725
2176
2817
1403
1626
3437
1801
4042
596
467
3183
796
1097
3083
3574
3748
1692
274
2698
775
2412
4280
1408
3329
3955
1477
568
4432
1496
2836
4757
926
4789
2404
488
189
1860
4965
704
2338
4021
3967
474
1906
781
474
575
3804
825
3147
849
4660
359
333
3979
2845
2485
516
210
3174
4423
2711
3112
1759
1711
2096
210
2372
4087
820
2187
1732
3932
144
3660
415
2588
4167
2490
75
4400
4560
919
105
4535
4224
4163
343
4335
2711
4854
45
2678
2062
1987
2225
2161
3189
4628
4850
4613
1661
2426
4424
1085
2851
1276
4736
428
3784
2893
1370
4407
3564
1923
4740
1121
2322
537
1249
2948
4634
1022
4044
2273
3557
4051
999
4404
1091
4979
3552
4566
4275
594
4912
1907
4902
3486
4080
65
4289
4873
4357
4076
1900
290
707
2254
4628
3013
3329
474
2515
4753
2606
3750
2816
3551
1606
967
1643
3197
3496
3200
3273
4428
1029
2504
2383
3618
275
691
4790
3548
2664
3318
3782
815
2715
1746
3575
3785
2674
2566
3117
2771
1103
886
4064
339
3468
2935
2601
2224
4135
922
4864
2563
4127
3254
218
576
4113
2284
3301
4753
4761
2116
3291
1916
1486
1615
2599
2956
269
713
886
2407
4597
318
2082
1332
2343
3207
4071
1943
2861
4278
827
1090
4981
1617
3260
1020
159
901
613
2150
1326
565
656
3461
4223
99
3834
1579
3150
4709
3220
4819
1592
1278
1406
3576
3553
3998
1303
222
149
4797
4307
2150
2083
3562
451
211
1468
3161
4810
134
3416
244
4416
4572
4323
1736
3542
2369
4749
1047
2955
707
2181
2497
145
4488
133
4935
2332
4264
4860
1128
1741
950
4001
3037
455
2628
3232
3626
4371
3396
559
3700
4807
309
1347
1415
4277
4355
3800
2966
3626
2018
301
3020
3513
3885
2659
4340
1750
4321
97
3627
1164
2010
1042
3741
1891
4637
2307
3535
4509
4336
1835
3054
1408
983
2406
2806
4467
1367
226
2790
3465
1677
2298
2757
2948
380
1966
3910
105
1733
1130
2953
4415
3474
2028
3869
4743
4525
2413
2826
1628
3379
210
3947
2757
676
2956
3969
2346
3173
3752
1861
3742
2433
1060
2608
3508
796
4403
1204
3466
3391
3262
1243
852
1747
2003
1393
2472
3230
2075
3091
3091
4953
3810
2661
3248
2268
636
4568
955
3578
1523
626
577
2569
4892
2372
4604
2188
2359
1302
2105
341
975
622
4332
4104
3365
1392
3061
1927
3793
519
4423
1926
1093
1019
2695
4959
603
3912
1773
3608
4916
1378
2680
555
446
1721
4899
777
372
2232
910
161
1057
2030
1764
2133
4672
4850
4056
3910
4282
2534
752
2580
4408
2534
3345
1181
4528
2651
2220
2805
2153
4271
2794
4660
4852
2625
1764
1986
3629
1027
2256
2098
2361
2944
2317
198
4350
1421
4169
1786
2863
903
2537
467
1514
1846
1150
1588
1261
2439
2390
2644
3704
3468
3811
1287
416
316
1212
460
3292
4562
3270
1328
3205
1880
4659
3608
3170
1789
4613
806
974
4241
571
1158
3814
1559
4508
3916
1819
441
2701
679
2304
1095
4006
3049
3658
618
4811
1248
3808
45
1258
3853
469
4523
3989
4085
1855
4917
2623
1577
3593
1650
3477
2690
692
3764
2746
198
939
2719
4257
1132
99
3118
1263
3920
3793
756
1781
4651
2491
916
265
709
4159
2770
2225
2378
1447
1397
3520
933
3786
3468
1297
3423
1377
3535
1336
1093
2276
1670
56
4971
4523
2671
782
3408
1892
3208
4915
2871
933
3141
3126
107
542
2503
4845
3913
2591
971
3083
4374
1224
2933
992
1147
201
3516
2524
2925
3998
4707
1216
1975
3447
2630
57
145
816
3017
4427
2843
4528
1774
4526
3747
1345
1277
3220
1730
4748
4746
627
3912
1749
863
1144
1740
326
2391
755
4754
2501
3234
2532
3933
4618
2409
1061
2399
3589
4975
671
2196
4518
2119
2422
2972
178
102
2810
4732
2100
3140
4902
3425
2732
92
2033
4949
2990
4337
4455
2045
3492
3625
4098
2899
4049
2977
1650
4312
2297
4108
736
3729
809
2061
1193
1995
1218
4408
4191
2124
2116
4628
1931
1472
4795
2325
3218
2768
63
334
3010
2363
2239
4044
3834
3254
263
1307
203
4350
747
1887
2885
1395
2172
3029
1323
1986
4293
977
3453
2939
3183
719
1273
4692
710
2399
2985
661
1326
4109
3334
1677
3618
1670
3623
2722
344
1136
1163
860
34
228
3693
2830
3537
638
3976
4062
482
3034
4376
3582
4516
3907
1654
3084
4796
1705
2093
4203
3738
4753
906
139
4512
2686
937
3563
3518
3307
245
4489
1429
1466
1517
4200
3584
1097
4456
2684
996
1984
3193
3936
332
3919
4021
2274
461
2567
3375
31
100
4399
2346
371
3447
1198
1696
2173
2476
2950
1535
1090
263
173
3210
3137
4636
3726
980
34
4519
2863
4444
455
3512
626
3038
805
3981
4078
4074
3468
2668
2326
3249
314
3247
3794
851
3964
576
1632
2611
4678
1245
3398
4212
3348
4950
1585
1614
4422
975
1
4302
2457
2352
3299
4889
2240
4804
2001
3208
4919
3625
3499
1190
4731
331
42
3271
380
2405
3728
2362
2685
834
4600
3605
2445
4722
2026
3434
3188
1139
2071
1559
4829
2478
622
2128
2521
2940
1756
3140
1683
1670
2913
3000
1138
4078
1530
110
2625
279
3102
2600
2841
3194
108
4338
2555
4105
106
4810
2024
1282
1217
1720
24
1229
3970
2789
3280
129
2566
1229
3931
287
1690
1546
2486
4388
3709
3470
3682
876
878
4269
3695
3121
3529
1617
2498
4029
28
3464
3329
3825
1407
1858
2506
4012
4952
2059
3628
754
1964
1739
4395
1544
922
4757
3311
79
2449
2588
516
949
1208
3296
566
4055
2367
1951
1141
4556
3296
3429
1903
2471
1825
2577
677
3971
2816
1302
2626
599
2744
3186
995
867
1715
1707
4468
4241
4396
772
763
4717
1540
213
3174
3281
4791
419
1335
1327
3291
2393
3855
2930
653
4958
262
3999
4678
1450
3284
2012
442
2411
3752
2721
1226
3617
2890
717
2710
2885
1572
1431
147
4333
480
474
4388
439
4670
1450
2074
3424
62
3478
1184
904
3426
1485
3277
87
4056
3513
2161
2650
4698
4307
1590
1810
2527
1371
2634
4477
4489
4167
4477
1633
1871
934
2915
4993
4097
1440
3638
387
1322
89
1373
1285
4643
1612
2172
3784
785
1744
2872
656
2480
4726
3042
159
2423
4916
895
3431
3499
266
3632
261
2415
555
1022
1026
745
4042
3190
1480
132
1600
2651
1660
1009
3317
839
4821
1209
4589
2489
1276
3759
2557
1057
2525
418
3896
576
4733
1900
1478
1410
3279
3182
456
4165
1291
4637
932
4079
1621
2984
3569
3047
4492
1251
4582
3333
4641
2787
2978
254
3562
1182
2280
4846
1145
2071
1575
685
2182
1586
3034
652
1636
2612
1840
2573
820
408
3516
968
1711
3939
3816
4498
1468
3896
1201
2409
1344
2047
3898
4906
1644
50
4166
4790
2249
4547
2763
2654
4480
1801
4412
260
4765
4280
257
574
1917
913
2585
4810
294
92
1068
2263
1936
2228
1249
1758
4317
978
201
2001
4087
3030
989
351
4083
3745
2694
2043
3773
1213
4042
4396
3799
2701
3377
728
3617
2625
12
1389
4931
3392
3567
3037
4034
4270
4622
3175
3537
59
572
1052
4025
562
3957
3330
3458
1629
2589
3622
1456
49
2967
2743
1236
1150
562
4505
2845
189
4337
1904
2573
1420
1823
466
3142
2357
2249
2025
3090
2610
3063
1451
4823
2648
1699
858
656
1260
738
348
292
4416
3107
4145
2967
1276
377
4498
4206
4952
4967
2510
3387
1280
3741
149
2845
2002
4545
266
2279
2071
574
354
2981
1044
4019
1861
3672
3852
313
4891
3222
4121
3971
3720
4427
4186
76
174
1932
3011
4853
4959
3835
634
301
3033
414
3435
4411
3734
2793
954
2875
60
145
1894
934
2871
3644
3349
842
68
953
4045
3705
4302
2254
874
228
1258
366
891
136
246
3189
1016
4843
3248
317
2244
3060
1130
2931
2630
1804
3641
208
1802
4365
4187
636
563
190
4011
4358
2059
4556
1936
4537
696
4852
2738
2061
763
2371
4403
3489
2784
2374
673
1462
4484
4279
4187
2342
4897
830
20
2961
3839
4535
303
2412
156
156
4662
4154
3550
1830
895
3396
2062
4384
2875
1721
3005
4063
59
2973
231
426
477
3130
4029
2627
1204
3003
1325
694
703
3698
2655
2067
4792
542
2016
1472
533
2444
2987
1459
460
3634
3613
3223
3775
2888
4713
3639
4139
4670
3960
3674
843
337
3608
2666
25
4645
2307
3063
2204
2350
4819
4684
3884
2895
3952
15
4660
613
3989
4182
4619
291
998
4573
396
144
1980
4453
1533
1247
3384
2965
968
4998
56
1799
3613
3546
1301
2372
3568
3945
2324
1125
2336
3239
1045
1293
2543
4537
3262
1313
4796
2014
2974
2995
4456
1906
1757
758
2539
3222
2606
882
1782
862
3625
2260
188
4634
4479
3082
4510
2001
2350
4663
4960
535
1309
3182
4050
3512
2377
1330
608
4489
1502
1587
2406
1579
2392
2385
852
1996
4517
2225
866
2770
1089
4441
1091
3516
2595
1461
784
3404
3918
1863
1003
1214
2207
254
4851
1255
2818
2110
1795
446
4353
2962
2047
3784
1117
1547
1118
2358
1793
1556
1974